,sexo,unidad,rango,ponderador,a,b,c,d,probabilidad,tiempo
0,women,-1,"[0, 9]",0.19538845979100408,0.10610008023612078,-0.00014295829590977804,15.604216046498149,41153.706935454735,0.13046610070553144,60
1,women,-1,"[10, 19]",0.10115856428895956,0.05493124729417869,-7.401386947153055e-05,7.511992212963798,19528.666469480828,0.06580329545134161,60
2,women,-1,"[20, 44]",0.3893911858246252,0.2114476767329128,-0.0002849027018077932,29.38460313134629,22918.61770077052,0.2635954056406282,60
3,women,-1,"[45, 64]",0.9838709677419356,0.5342628142630019,-0.0007198609203228768,61.00286872142225,3823.7722311382013,0.6715416329060317,60
4,women,-1,"[65, 79]",1.2055883689232167,0.6546600721528244,-0.0008820831069269373,74.16481491773983,3584.585584059217,0.8236894099747138,60
5,women,-1,"[80, 200]",0.3658337119491141,0.1986554689339319,-0.000267666595608127,34.36211908359816,267371.09893107624,0.2474297043270808,60
6,women,1,"[0, 9]",0.04804634257155838,0.02609018354010993,-3.5153679089217104e-05,1.4619245420936835,57.288915839867414,0.029356420165831527,28
7,women,1,"[10, 19]",0.024875056792367102,0.013507683725054686,-1.820013181819043e-05,2.3333684066471507,262969.2670306713,0.013455730349227464,28
8,women,1,"[20, 44]",0.0957519309404816,0.05199533068094357,-7.00580419581816e-05,2.8764795514336967,54.418749776698846,0.062093134494134,28
9,women,1,"[45, 64]",0.2419354838709677,0.13137610223434834,-0.00017701498117674968,14.214402989374475,2481.3897871383983,0.16240778054300373,28
10,women,1,"[65, 79]",0.29645615629259425,0.1609819831673789,-0.00021690567902867558,22.181665681466303,21048.098291563358,0.199821168346778,28
11,women,1,"[80, 200]",0.08995910949568378,0.04884970595196765,-6.581965546435682e-05,5.0920594179786525,1864.4327257331115,0.05811796203998298,28
12,women,2,"[0, 9]",0.06566333484779646,0.035656584245729865,-4.804336160436018e-05,2.5604915526059817,179.08365902852202,0.04144562109992609,24
13,women,2,"[10, 19]",0.03399591094956838,0.01846050107889767,-2.4873513473487315e-05,2.888174000610451,81047.04553904549,0.019714678350567203,24
14,women,2,"[20, 44]",0.13086097228532487,0.07106028534683148,-9.574599077050967e-05,7.436497056470059,1920.6908026655303,0.08618579734860614,24
15,women,2,"[45, 64]",0.3306451612903226,0.1795473411746639,-0.00024192047616200781,31.427927802995143,310420.7807902525,0.2232824802820615,24
16,women,2,"[65, 79]",0.4051567469332122,0.22000871081495002,-0.00029643776203572416,11.315534007669013,41.087393103522636,0.27441411028055296,24
17,women,2,"[80, 200]",0.12294411631076785,0.06676126432103789,-8.995352841351077e-05,7.249626650048615,2553.0443663576098,0.08075306166126643,24
18,women,3,"[0, 9]",0.02242162653339391,0.0121754190439271,-1.640505035785769e-05,1.752699173833033,32856.00783525627,0.011772127898057622,25
19,women,3,"[20, 44]",0.044684234438891406,0.0242644875797742,-3.2693752776484966e-05,3.8801815705080207,104065.87145555203,0.027049261251265444,25
20,women,3,"[45, 64]",0.1129032258064516,0.06130884710958254,-8.26069900895613e-05,5.226021163542743,472.57530186913283,0.07386276274073797,25
21,women,3,"[65, 79]",0.13834620626987731,0.07512492570129868,-0.0001012226506705532,6.301922471488579,428.5048951213285,0.09132234371583264,25
22,women,3,"[80, 200]",0.04198091776465243,0.022796529200127338,-3.071583882598012e-05,2.7459383993554245,6015.959103678289,0.025194180772661643,25
23,women,4,"[0, 9]",0.08488187187641981,0.04609265771119563,-6.210483322792073e-05,8.427832393286478,545573.9795567322,0.054633840300756506,30
24,women,4,"[20, 44]",0.16916174466151748,0.0918584176098944,-0.00012376920752923092,3.977862348108196,22.83973020152865,0.11246870228075756,30
25,women,4,"[45, 64]",0.4274193548387097,0.2320977821747689,-0.0003127264694724772,13.237130073610794,61.577259347034044,0.28969124363376075,30
26,women,4,"[65, 79]",0.5237392094502499,0.2844015052903248,-0.00038320003552924317,28.72709631960433,1476.3882171977011,0.3557882287537619,30
27,women,4,"[80, 200]",0.15892776010904136,0.08630114668788401,-0.00011628139058019466,13.82518056144507,106230.69169636413,0.10544589761175743,30
28,women,5,"[0, 9]",0.16816219900045434,0.0913156434462141,-0.00012303787848439135,2.3942662913743398,6.647420085105318,0.11178279017102168,10
29,women,5,"[10, 19]",0.08706269877328486,0.0472768929527669,-6.370046126661525e-05,7.303387067159914,70292.1461771951,0.056130375812907474,10
30,women,5,"[20, 44]",0.3351317582916856,0.18198365758531432,-0.0002452031472249766,25.080287771966987,21087.866971384512,0.22636129032008034,10
31,women,5,"[45, 64]",0.8467741935483871,0.459816354426476,-0.0006195524285438688,41.77147008492313,708.3758986444801,0.5774625514911245,10
32,women,5,"[65, 79]",1.03759654702408,0.5634369521355227,-0.0007591698948280918,102.43129639243799,505789.4875107135,0.7084094088043345,10
33,women,5,"[80, 200]",0.31485688323489325,0.17097396919857832,-0.00023036879166539898,21.129037351084143,7540.115823578381,0.21244818673055185,10
34,women,6,"[0, 9]",0.14894366197183098,0.08087956926641324,-0.00010897640570134251,13.040539542000074,114493.73286758695,0.09859457097019124,20
35,women,6,"[20, 44]",0.2968309859154929,0.16118552278302398,-0.0002171799260994332,27.165956893469893,194073.71531023952,0.20007838538792894,20
36,women,6,"[45, 64]",0.75,0.4072659159877207,-0.0005487464402285778,66.2204733755833,126348.5045413886,0.511053788139425,20
37,women,6,"[65, 79]",0.9190140845070424,0.499044152145493,-0.0006724076130147857,56.700329320671024,3671.173267225127,0.6270352903311253,20
38,women,6,"[80, 200]",0.2788732394366197,0.15143408653778864,-0.00020404092873963623,16.294999705936956,2377.612400109159,0.1877553507800608,20
39,women,7,"[20, 44]",0.1659700136301681,0.09012523969675634,-0.00012143393896945422,13.020719549550565,34112.4254314734,0.11027846020307827,24
40,women,7,"[45, 64]",0.41935483870967744,0.2277185768978312,-0.000306825966565085,33.05888907064844,35883.786607623035,0.2841571800211192,24
41,women,7,"[65, 79]",0.5138573375738301,0.2790354403419625,-0.0003759698476644495,28.01033828041676,1411.0692539049912,0.3490070522143279,24
42,women,7,"[80, 200]",0.1559291231258519,0.08467282264054288,-0.00011408740123306384,11.611770336962914,20078.19674651909,0.10338816128254984,24
43,women,8,"[10, 19]",0.03233757383007723,0.01755998872721769,-2.366017119441897e-05,0.8412649996677544,31.851989907994426,0.018576687804869062,36
44,women,8,"[20, 44]",0.12447751022262607,0.06759393035437729,-9.107545537528828e-05,2.6954165371028127,17.829771239926284,0.08180531319324756,36
45,women,8,"[45, 64]",0.3145161290322581,0.17078893180961113,-0.00023011947326161318,12.438568573166958,192.78530043872647,0.21221435305677824,36
46,women,8,"[65, 79]",0.3853930031803725,0.20927658145984093,-0.00028197738796614656,30.14506585135893,33070.563586919416,0.26085175720168474,36
47,women,8,"[80, 200]",0.11694684234438893,0.06350461739808147,-8.556555154178277e-05,7.517408045716888,5177.163834565468,0.07663758900285124,36
48,women,9,"[45, 64]",0.16129032258064518,0.08758406809717115,-0.00011800998734951285,13.996386899228805,103266.05653864393,0.10706714441658766,27
49,women,9,"[65, 79]",0.1976374375283962,0.10732132328958764,-0.00014460378776984522,11.626935925085702,2506.864453536521,0.13200940295243715,27
50,women,9,"[80, 200]",0.0599727396637892,0.03256647037341527,-4.3879769865986856e-05,3.8099255063681374,4683.645210321621,0.03754059874790715,27
51,women,10,"[0, 9]",0.08968650613357564,0.04870167610797154,-6.562020121705007e-05,5.223411585925701,2318.022425916141,0.05793089510096412,35
52,women,10,"[10, 19]",0.04643343934575194,0.02521434284227209,-3.397357914417167e-05,3.885813845343237,68438.6837503958,0.028249607443303206,35
53,women,10,"[20, 44]",0.17873693775556562,0.09705795000304712,-0.00013077501060585386,12.999258160215032,15929.519464406796,0.11903942851379536,35
54,women,10,"[45, 64]",0.4516129032258064,0.2452353913928285,-0.00033042796543805133,41.4108268481377,198657.19886139254,0.3062934344716856,35
55,women,10,"[65, 79]",0.5533848250795093,0.30049970729347997,-0.000404890609653064,39.15486757980965,12251.238931874392,0.37613175837206414,35
56,women,10,"[80, 200]",0.16792367105860972,0.09118611604893558,-0.00012286335390149713,10.830627157040825,5328.621318387774,0.11161910659938018,35
57,women,11,"[10, 19]",0.023216719672875964,0.012607171515659066,-1.6986789762944342e-05,1.6849114400866103,15603.96672915788,0.012317739803529331,34
58,women,11,"[45, 64]",0.2258064516129032,0.12261769522250902,-0.0001652139818962693,17.738019663037985,34578.702035400565,0.1513396533177205,34
59,women,11,"[65, 79]",0.27669241253975463,0.1502498521147471,-0.00020244530233332595,18.87923962843109,8757.841085518581,0.18625881526790986,34
60,women,11,"[80, 200]",0.08396183552930486,0.04559305851797652,-6.143167776364026e-05,8.86766019247044,1265881.4265581626,0.05400248938156782,34
61,women,12,"[0, 9]",0.03363243980009087,0.018263128628841253,-2.4607575626703164e-05,2.8236744656289448,70953.19675022997,0.01946525576520871,30
62,women,12,"[20, 44]",0.06702635165833712,0.036396731492548205,-4.904062942524453e-05,4.256717379554091,4671.5576066785525,0.042380955795020436,30
63,women,12,"[45, 64]",0.16935483870967746,0.09196327204298688,-0.00012391048735473876,6.558292925503805,172.78928572148467,0.11260120802922928,30
64,women,12,"[65, 79]",0.207519309404816,0.11268738683120084,-0.0001518339727010059,13.406984496768846,5406.202560263749,0.13879057949187126,30
65,women,12,"[80, 200]",0.06297137664697865,0.03419479384108015,-4.607375822804859e-05,4.578860369883494,15897.579640809348,0.03959833507711473,30
66,women,13,"[0, 9]",0.051249432076328934,0.027829529094060376,-3.7497257649731e-05,0.9521071540937228,11.841848785344634,0.03155445669930326,36
67,women,13,"[20, 44]",0.10213539300318036,0.055461686044914346,-7.472857806564843e-05,6.199079658005215,3212.9616907541545,0.06647361864949257,36
68,women,13,"[45, 64]",0.25806451612903225,0.1401345095805399,-0.0001888159806929236,10.786912400502283,260.0979994601667,0.17347590776828695,36
69,women,13,"[65, 79]",0.3162199000454339,0.17171411692563684,-0.0002313660602741834,24.448453152417873,29322.122989440897,0.21338352142564612,36
70,women,13,"[80, 200]",0.0959563834620627,0.0521063523319484,-7.020763133214391e-05,3.7912842517605982,191.81817839726952,0.06223343469839816,36
71,women,14,"[0, 9]",0.11370967741935485,0.061746767615117576,-8.319704034497104e-05,7.2503235081356125,4831.811041978192,0.07441616910200215,35
72,women,14,"[20, 44]",0.2266129032258065,0.12305561607465965,-0.0001658040329216856,17.511673522131904,29170.56744978627,0.15189305967898467,35
73,women,14,"[45, 64]",0.5725806451612904,0.3109234408030087,-0.00041893545355391263,38.64719637958704,7941.474875096013,0.3893043886613097,35
74,women,14,"[65, 79]",0.7016129032258065,0.3809906913040301,-0.0005133434368299278,20.37813280419249,47.66314087291193,0.4778494064635755,35
75,women,14,"[80, 200]",0.21290322580645168,0.1156109691631579,-0.00015577318214804367,12.097037424439291,1918.635609267289,0.14248515153749394,35
76,women,15,"[0, 9]",0.028827805542935032,0.015654110192310854,-2.109220760398034e-05,2.772422328949601,360360.95229771506,0.0161682009650011,41
77,women,15,"[45, 64]",0.14516129032258066,0.07882566134645852,-0.00010620898861182288,12.189634659070403,71107.03055476304,0.09599901719130442,41
78,women,15,"[65, 79]",0.17787369377555656,0.09658919138704283,-0.0001301434096766817,11.47604971589495,5343.281159611729,0.11844704987356898,41
79,women,15,"[80, 200]",0.05397546569741028,0.029309823349601145,-3.949179285130551e-05,3.06555829347934,1912.4838157190438,0.03342512608949198,41
80,women,16,"[0, 9]",0.0464447978191731,0.02522051083196676,-3.398188987504906e-05,2.960518785929997,4819.629355467708,0.028257401899095657,46
81,women,16,"[20, 44]",0.0925601999091322,0.050262152954153434,-6.772277379635291e-05,8.945924165867197,384025.46817603905,0.05990289241645471,46
82,women,16,"[45, 64]",0.2338709677419355,0.12699689804138234,-0.0001711144804992108,15.370915859149564,6273.1924025248645,0.15687371693036214,46
83,women,16,"[65, 79]",0.28657428441617444,0.15561592001635646,-0.000209675494501366,20.881941852102887,16226.679368777493,0.1930399918073439,46
84,women,16,"[80, 200]",0.08696047251249432,0.04722138224945256,-6.362566665615617e-05,5.247432382999088,3065.946449246668,0.0560602257107754,46
85,women,17,"[0, 9]",0.10410040890504316,0.0565287316820828,-7.616630581990063e-05,7.736919390892299,19690.728229481425,0.06782205950158693,42
86,women,17,"[10, 19]",0.053895956383462056,0.029266648166307942,-3.943361901318696e-05,3.563435609346603,6609.906336066319,0.033370564898944806,42
87,women,17,"[20, 44]",0.2074625170377101,0.11265654794827736,-0.00015179242096957643,11.108673025470992,1241.1270227048058,0.13875160721290894,42
88,women,17,"[45, 64]",0.5241935483870968,0.2846482227826555,-0.00038353246061832616,14.255027485953898,37.26179497513483,0.35610000698546,42
89,women,17,"[65, 79]",0.6423216719672875,0.34879430122073407,-0.00046996231170975164,29.855856618659192,484.899622050808,0.4371623472269709,42
90,women,17,"[80, 200]",0.19491140390731485,0.10584102928293196,-0.00014260925310177774,12.628959542421127,5542.666979656279,0.13013873356224842,42
91,women,18,"[0, 9]",0.19538845979100408,0.10610008023612078,-0.00014295829590977804,15.604216046498149,41153.706935454735,0.13046610070553144,32
92,women,18,"[10, 19]",0.10115856428895956,0.05493124729417869,-7.401386947153055e-05,7.511992212963798,19528.666469480828,0.06580329545134161,32
93,women,18,"[20, 44]",0.3893911858246252,0.2114476767329128,-0.0002849027018077932,29.38460313134629,22918.61770077052,0.2635954056406282,32
94,women,18,"[45, 64]",0.9838709677419356,0.5342628142630019,-0.0007198609203228768,61.00286872142225,3823.7722311382013,0.6715416329060317,32
95,women,18,"[65, 79]",1.2055883689232167,0.6546600721528244,-0.0008820831069269373,74.16481491773983,3584.585584059217,0.8236894099747138,32
96,women,18,"[80, 200]",0.3658337119491141,0.1986554689339319,-0.000267666595608127,34.36211908359816,267371.09893107624,0.2474297043270808,32
97,women,19,"[0, 9]",0.17136528850522492,0.0930549892412882,-0.00012538145763314642,3.5806843153613594,16.117695605066267,0.11398082670449344,38
98,women,19,"[20, 44]",0.3415152203543844,0.1854500113360293,-0.00024987368019813757,15.724067219860485,457.38684817938486,0.2307417744754389,38
99,women,19,"[45, 64]",0.8629032258064517,0.4685747671349173,-0.0006313534365663951,56.154780485347565,5755.517111930664,0.5885306787164077,38
100,women,19,"[65, 79]",1.0573602907769195,0.5741690792541974,-0.0007736302647821617,59.29559545020154,1738.623111813759,0.7219717618832027,38
101,women,19,"[80, 200]",0.3208541572012722,0.1742306172903395,-0.0002347567702738955,16.6702493097421,1004.5503219286012,0.21656365938896704,38
102,women,20,"[0, 9]",0.13132666969559292,0.07131316890794975,-9.608672378296698e-05,8.760716210374191,7151.98228506207,0.08650537003609671,68
103,women,20,"[20, 44]",0.2617219445706497,0.14212056847999274,-0.0001914919778124653,20.218127775128128,29072.333934490565,0.17598572253345685,68
104,women,20,"[45, 64]",0.6612903225806452,0.3590946796683345,-0.0004838409484971874,41.61203404910897,4323.021013050565,0.45017908840036747,68
105,women,20,"[65, 79]",0.8103134938664244,0.4400174256905129,-0.0005928755311695872,59.429693512016705,17283.633395036748,0.5524423483973504,68
106,women,20,"[80, 200]",0.2458882326215357,0.13352252767871992,-0.00017990705484091646,7.980418972790928,75.03399714659047,0.16512025115877738,68
107,women,21,"[0, 9]",0.11370967741935485,0.061746767615117576,-8.319704034497104e-05,7.2503235081356125,4831.811041978192,0.07441616910200215,60
108,women,21,"[20, 44]",0.2266129032258065,0.12305561607465965,-0.0001658040329216856,17.511673522131904,29170.56744978627,0.15189305967898467,60
109,women,21,"[45, 64]",0.5725806451612904,0.3109234408030087,-0.00041893545355391263,38.64719637958704,7941.474875096013,0.3893043886613097,60
110,women,21,"[65, 79]",0.7016129032258065,0.3809906913040301,-0.0005133434368299278,20.37813280419249,47.66314087291193,0.4778494064635755,60
111,women,21,"[80, 200]",0.21290322580645168,0.1156109691631579,-0.00015577318214804367,12.097037424439291,1918.635609267289,0.14248515153749394,60
112,women,22,"[0, 9]",0.04804634257155838,0.02609018354010993,-3.5153679089217104e-05,1.4619245420936835,57.288915839867414,0.029356420165831527,54
113,women,22,"[20, 44]",0.0957519309404816,0.05199533068094357,-7.00580419581816e-05,2.8764795514336967,54.418749776698846,0.062093134494134,54
114,women,22,"[45, 64]",0.2419354838709677,0.13137610223434834,-0.00017701498117674968,14.214402989374475,2481.3897871383983,0.16240778054300373,54
115,women,22,"[65, 79]",0.29645615629259425,0.1609819831673789,-0.00021690567902867558,22.181665681466303,21048.098291563358,0.199821168346778,54
116,women,22,"[80, 200]",0.08995910949568378,0.04884970595196765,-6.581965546435682e-05,5.0920594179786525,1864.4327257331115,0.05811796203998298,54
117,women,23,"[0, 9]",0.04484325306678782,0.02435083813071785,-3.281010074594226e-05,3.803429680013792,79546.44276232422,0.027158383632359787,52
118,women,23,"[20, 44]",0.08936846887778281,0.048528975396963665,-6.538750594188805e-05,5.426303311864394,3223.0631260235937,0.05771265033877542,52
119,women,23,"[45, 64]",0.2258064516129032,0.12261769522250902,-0.0001652139818962693,17.738019663037985,34578.702035400565,0.1513396533177205,52
120,women,23,"[65, 79]",0.27669241253975463,0.1502498521147471,-0.00020244530233332595,18.87923962843109,8757.841085518581,0.18625881526790986,52
121,women,23,"[80, 200]",0.08396183552930486,0.04559305851797652,-6.143167776364026e-05,8.86766019247044,1265881.4265581626,0.05400248938156782,52
122,women,24,"[0, 9]",0.02722626079054976,0.014784437529823937,-1.9920418472365547e-05,1.7755887813738331,5863.2571935974,0.015069182698265234,59
123,women,24,"[20, 44]",0.054259427532939566,0.02946402057046176,-3.969955685060651e-05,3.7069474573765775,8859.727464459758,0.0336199874843033,59
124,women,24,"[45, 64]",0.1370967741935484,0.07444645783371019,-0.00010030848890954736,11.506332564596924,70687.37170719853,0.09046495357866284,59
125,women,24,"[65, 79]",0.16799182189913678,0.0912231245153384,-0.00012291321932341186,7.674487158719728,436.0903844681848,0.11166587333413493,59
126,women,25,"[0, 9]",0.08808496138119036,0.04783200367557856,-6.444841253504392e-05,9.22380383477854,1122924.2795046135,0.05683187683422824,59
127,women,25,"[20, 44]",0.17554520672421625,0.09532477340916633,-0.00012843974425867216,15.85107059549716,164909.83891355252,0.11684918643611612,59
128,women,25,"[45, 64]",0.4435483870967742,0.2408561871439697,-0.00032452746464511965,34.776655518311124,33901.649829559705,0.30075937085904403,59
129,women,25,"[65, 79]",0.5435029532030895,0.29513363913787394,-0.0003976604171455127,47.58855307053069,114578.89526969279,0.3693505818326301,59
130,women,25,"[80, 200]",0.16492503407542025,0.08955779376098924,-0.00012066936764945776,4.562468586732509,39.6643428058422,0.10956137027017256,59
131,women,26,"[10, 19]",0.014095865515674691,0.007654354118789826,-1.0313408048075647e-05,1.179772229374139,68536.88022127858,0.006058791802189598,54
132,women,26,"[45, 64]",0.1370967741935484,0.07444645783371019,-0.00010030848890954736,11.506332564596924,70687.37170719853,0.09046495357866284,54
133,women,26,"[65, 79]",0.16799182189913678,0.0912231245153384,-0.00012291321932341186,7.674487158719728,436.0903844681848,0.11166587333413493,54
134,women,26,"[80, 200]",0.050976828714220816,0.027681499752403343,-3.729780426723194e-05,3.693312782403539,15351.87060508423,0.0313673897602844,54
135,women,27,"[0, 9]",0.038437074057246716,0.020872146944611668,-2.812294345697633e-05,2.9957663054644788,31863.58943954105,0.022762310565416315,56
136,women,27,"[10, 19]",0.019900045433893683,0.010806147055684058,-1.4560105598138569e-05,0.3589827341318354,11.022896769018924,0.010041758712133064,56
137,women,27,"[45, 64]",0.19354838709677424,0.1051008825169595,-0.00014161198605991526,10.432249455562294,1301.0861618234273,0.1292033988671541,56
138,women,27,"[65, 79]",0.23716492503407546,0.12878558682738306,-0.00017352454357992355,18.133457186569526,26167.907558080118,0.1591341091101735,56
139,women,27,"[80, 200]",0.07196728759654704,0.03907976452428722,-5.265572392738706e-05,3.4279334805178983,565.1147613238418,0.04577154406473749,56
140,women,28,"[0, 9]",0.11050658791458427,0.06000742196388662,-8.08534617125843e-05,7.243832937497292,6130.638155179185,0.07221813256853041,54
141,women,28,"[20, 44]",0.2202294411631077,0.11958925980802106,-0.0001611334950846297,13.23509323176305,2967.2810384010163,0.14751257552362612,54
142,women,28,"[45, 64]",0.5564516129032259,0.3021650392423117,-0.0004071344636199786,18.44341354857126,82.23944979765047,0.3782362614360265,54
143,women,28,"[65, 79]",0.6818491594729669,0.37025856569088944,-0.0004988830687381925,44.49629104414771,5896.229043652422,0.4642870533847073,54
144,women,28,"[80, 200]",0.2069059518400727,0.1123543228499482,-0.0001513852061372424,11.246232116763775,1382.1379801282046,0.13836967887907878,54
145,women,30,"[0, 9]",0.09449114039073148,0.051310694281071975,-6.91355689374176e-05,3.5823571427120307,155.07217244765096,0.06122794990117171,14
146,women,30,"[10, 19]",0.04892094502498864,0.026565111040260703,-3.579359207307737e-05,3.2072615465758734,6137.88038248347,0.029956593261850406,14
147,women,30,"[20, 44]",0.18831213084961385,0.1022574830218832,-0.00013778081479247207,13.966813577821288,19293.33348025351,0.12561015474683326,14
148,women,30,"[45, 64]",0.4758064516129033,0.2583730031513352,-0.0003481294655522508,23.63395076585498,741.2778323142378,0.3228956253096104,14
149,women,30,"[65, 79]",0.5830304407087687,0.3165979034771085,-0.0004265811733114298,53.53875087151946,202203.89408717852,0.3964752879903664,14
150,women,30,"[80, 200]",0.17691958200817812,0.09607108849375302,-0.00012944532275547136,6.548137659256272,137.5714006042223,0.11779231558700295,14
151,women,31,"[0, 9]",0.14093593820990458,0.07653120655979274,-0.00010311746107471488,11.831329975079619,70873.20220758415,0.09309947963651193,35
152,women,31,"[10, 19]",0.07296683325761018,0.039622539480286816,-5.3387054260050374e-05,5.495045818202902,22454.284779391342,0.04645745617447334,35
153,women,31,"[20, 44]",0.2808723307587461,0.15251963642350258,-0.00020550358920996625,27.915461964096927,552845.1801501495,0.18912717499953247,35
154,women,31,"[45, 64]",0.7096774193548387,0.38536989883774936,-0.0005192439429927334,24.391691147918657,96.80206074284612,0.48338347007621707,35
155,women,31,"[65, 79]",0.8696047251249432,0.472213820961141,-0.0006362566648713527,80.29782289249471,216393.97333169176,0.5931294076339549,35
156,women,31,"[80, 200]",0.2638800545206724,0.14329246854636035,-0.00019307098561941014,27.931834993286127,1306108.8884505723,0.1774666691340229,35
157,women,40,"[10, 19]",0.019900045433893683,0.010806147055684058,-1.4560105598138569e-05,0.3589827341318354,11.022896769018924,0.010041758712133064,23
158,women,40,"[20, 44]",0.07660154475238529,0.04159626401728534,-5.6046432721408766e-05,3.3159578613014733,317.0854993481128,0.048951682028058295,23
159,women,40,"[45, 64]",0.19354838709677424,0.1051008825169595,-0.00014161198605991526,10.432249455562294,1301.0861618234273,0.1292033988671541,23
160,women,41,"[0, 9]",0.23702862335302136,0.12871157176077552,-0.00017342481625328327,22.236393018588576,263306.7376460925,0.15904057564066404,20
161,women,41,"[10, 19]",0.12271694684234435,0.06663790638522249,-8.978731697490973e-05,8.045895911023594,6141.689884702549,0.08059717254541733,20
162,women,41,"[20, 44]",0.4723761926397092,0.25651029754395416,-0.0003456196725735054,36.241665096076495,27098.541695438125,0.3205416996602896,20
163,women,41,"[45, 64]",1.1935483870967742,0.6481221067255302,-0.000873273910937815,79.3511032931469,6940.138629235948,0.8154272868347137,20
164,women,41,"[65, 79]",1.4625170377101318,0.79417779281004,-0.001070068030544051,118.59248330443421,48440.32621236785,1.0,20
165,women,41,"[80, 200]",0.44379827351204,0.24099188228025034,-0.000324710299873042,32.319015925562056,16132.614380397199,0.3009308488864779,20
166,women,42,"[0, 9]",0.21460699681962744,0.11653615354176165,-0.00015701976729170375,9.182153946947526,296.5813957559998,0.14365431990636188,26
167,women,42,"[10, 19]",0.1111085870059064,0.06033432140924814,-8.1293923441672e-05,7.235571871834368,5789.969572813091,0.07263123872553041,26
168,women,42,"[20, 44]",0.42769195820081785,0.23224581024055865,-0.0003129259205343218,38.79658025612709,174283.89307597672,0.28987831057277963,26
169,women,42,"[45, 64]",1.0806451612903227,0.5868132570462953,-0.0007906669145891179,60.01118170269715,1616.768685303423,0.7379503962577313,26
170,women,42,"[65, 79]",1.3241708314402545,0.7190528695163729,-0.0009688453857812592,115.83272577473835,113315.93262704046,0.9050635284479228,26
171,women,42,"[80, 200]",0.4018173557473877,0.21819535226017628,-0.00029399445922491266,21.079715338979376,1074.3857785512748,0.2721225402775718,26
172,women,43,"[0, 9]",0.19859154929577466,0.10783942633357367,-0.00014530187547762531,8.271856631640528,255.0719353465609,0.1326641372390032,33
173,women,43,"[10, 19]",0.10281690140845068,0.055831759405791256,-7.522721155689603e-05,3.68529045351608,117.76085787236583,0.06694128599703975,33
174,women,43,"[20, 44]",0.3957746478873239,0.2149140333402712,-0.00028957323985612997,29.889748951774536,23099.87110805559,0.26797588979598674,33
175,women,43,"[45, 64]",1.0,0.5430212244138652,-0.0007316619249129501,50.11700604071196,786.5541843150328,0.6826097601313149,33
176,women,43,"[65, 79]",1.2253521126760565,0.6653922079365361,-0.0008965434907095971,69.51531867521564,1896.142299009795,0.8372517630535821,33
177,women,43,"[80, 200]",0.37183098591549296,0.20191211739921325,-0.0002720545751163893,19.422355776123634,1042.487424493076,0.25154517698549594,33
178,women,44,"[0, 9]",0.11851431167651068,0.06435578679047342,-8.671240975535971e-05,8.451782135563736,13197.684952930396,0.07771322390220975,31
179,women,44,"[10, 19]",0.06135847342117218,0.033318953180563694,-4.489365838226191e-05,3.064003099790558,767.8530344833908,0.03849152235458641,31
180,women,44,"[20, 44]",0.2361880963198546,0.1282551495819539,-0.00017280983789939698,9.370017330114461,195.979126713497,0.1584637859120225,31
181,women,44,"[45, 64]",0.5967741935483871,0.32406105306471056,-0.0004366369542943847,54.98576508594947,210715.34682555808,0.4059065794992345,31
182,women,44,"[65, 79]",0.7312585188550659,0.3970888993724251,-0.0005350340205914163,22.153621875747152,56.290978914923436,0.4981929360818777,31
183,women,44,"[80, 200]",0.22189913675602,0.12049594045728215,-0.00016235514882890562,19.318650397800962,107226.99639746523,0.1486583605251167,31
184,women,45,"[0, 9]",0.04964788732394367,0.026959856677231192,-3.6325469028157095e-05,0.7736000148225154,7.94883135335937,0.030455438432567393,40
185,women,45,"[10, 19]",0.02570422535211268,0.01395793985415838,-1.8806802868505937e-05,1.6399773888122136,4857.695068783296,0.014024725622076531,40
186,women,45,"[20, 44]",0.09894366197183098,0.05372850799168887,-7.239330935905765e-05,9.01734682123306,184413.9752056848,0.06428337657181328,40
187,women,45,"[45, 64]",0.25,0.1357553058796149,-0.0001829154805609108,21.618409678256498,99173.46706458477,0.16794184415564534,40
188,women,45,"[65, 79]",0.3063380281690141,0.16634805016740345,-0.00022413586939396424,23.374467607460407,25628.45128251785,0.20660234488621207,40
189,women,45,"[80, 200]",0.09295774647887324,0.050478029240933635,-6.80136436626314e-05,6.201969665851324,7160.343387446429,0.060175698369190574,40
190,women,46,"[0, 9]",0.011210813266696954,0.0060877095270748536,-8.202525179402659e-06,0.937845356921991,68163.76770211889,0.004079000030906542,33
191,women,46,"[65, 79]",0.06917310313493866,0.03756246227903332,-5.061132435970106e-05,5.037260459737527,16126.640863800752,0.04385410793979405,33
192,women,46,"[80, 200]",0.020990458882326216,0.011398264636639552,-1.5357919487403005e-05,1.4742510896960974,11431.29616933593,0.010790026468208551,33
193,women,47,"[65, 79]",0.009881871876419809,0.005366066173490767,-7.230189407218988e-06,0.6344926015154788,5127.142827253627,0.003167048703189545,36
194,women,49,"[10, 19]",0.024875056792367102,0.013507683725054686,-1.820013181819043e-05,2.3333684066471507,262969.2670306713,0.013455730349227464,47
195,women,49,"[20, 44]",0.0957519309404816,0.05199533068094357,-7.00580419581816e-05,2.8764795514336967,54.418749776698846,0.062093134494134,47
196,women,49,"[45, 64]",0.2419354838709677,0.13137610223434834,-0.00017701498117674968,14.214402989374475,2481.3897871383983,0.16240778054300373,47
197,women,49,"[65, 79]",0.29645615629259425,0.1609819831673789,-0.00021690567902867558,22.181665681466303,21048.098291563358,0.199821168346778,47
198,women,49,"[80, 200]",0.08995910949568378,0.04884970595196765,-6.581965546435682e-05,5.0920594179786525,1864.4327257331115,0.05811796203998298,47
199,women,50,"[0, 9]",0.012812358019082232,0.0069573823242377935,-9.374314510772508e-06,1.0174961389636976,38775.91783049692,0.005178018297642411,42
200,women,50,"[20, 44]",0.02553384825079509,0.013865421437161334,-1.8682144397486042e-05,1.7473365199005564,8994.346234607163,0.01390780878518974,42
201,women,50,"[45, 64]",0.06451612903225806,0.03503362736823201,-4.720399519533836e-05,2.258403582652293,105.33744207033727,0.04065838106488833,42
202,women,50,"[65, 79]",0.07905497501135847,0.042928529392768144,-5.784151525021948e-05,3.3571701000889616,284.2328850791086,0.05063528447922813,42
203,women,51,"[0, 9]",0.02242162653339391,0.0121754190439271,-1.640505035785769e-05,1.752699173833033,32856.00783525627,0.011772127898057622,54
204,women,51,"[10, 19]",0.011608359836437982,0.0063035857659909465,-8.493394900931262e-06,0.7430450700587881,4993.726014353546,0.004351805983642397,54
205,women,51,"[20, 44]",0.044684234438891406,0.0242644875797742,-3.2693752776484966e-05,3.8801815705080207,104065.87145555203,0.027049261251265444,54
206,women,51,"[45, 64]",0.1129032258064516,0.06130884710958254,-8.26069900895613e-05,5.226021163542743,472.57530186913283,0.07386276274073797,54
207,women,51,"[65, 79]",0.13834620626987731,0.07512492570129868,-0.0001012226506705532,6.301922471488579,428.5048951213285,0.09132234371583264,54
208,women,51,"[80, 200]",0.04198091776465243,0.022796529200127338,-3.071583882598012e-05,2.7459383993554245,6015.959103678289,0.025194180772661643,54
209,women,52,"[10, 19]",0.020729213993639254,0.01125640321091073,-1.5166776671138419e-05,1.7776317975910263,90128.93632137268,0.010610753984982131,48
210,women,52,"[20, 44]",0.07979327578373467,0.043329441873204366,-5.838170093536482e-05,5.844663792428715,17068.27475738881,0.051141924105737584,48
211,women,52,"[45, 64]",0.20161290322580647,0.10948008625780163,-0.0001475124861147208,16.3886398586868,49744.32713834945,0.1347374624797957,48
212,women,52,"[65, 79]",0.2470467969104952,0.1341516547032475,-0.0001807547358623816,4.24440098780454,9.832872651569163,0.16591528564960756,48
213,women,52,"[80, 200]",0.07496592457973647,0.040708087999500785,-5.484971250924727e-05,3.536505548395212,531.779334904563,0.047829280393945066,48
214,women,53,"[20, 44]",0.0734098137210359,0.03986308696568994,-5.3711165765791414e-05,6.383765103038035,105811.92272510251,0.04676143995037901,43
215,women,53,"[45, 64]",0.18548387096774202,0.10072167757606176,-0.0001357114841099196,2.621457762506706,6.555389609874768,0.12366933525451247,43
216,women,53,"[65, 79]",0.2272830531576556,0.12341952083051448,-0.00016629435480150514,12.125012702161913,1208.891585045087,0.1523529325707394,43
217,women,53,"[80, 200]",0.06896865061335758,0.037451441226233284,-5.046173585160602e-05,4.448976763145129,5335.62401102033,0.04371380773552992,43
218,women,54,"[0, 9]",0.014413902771467512,0.007827055099106882,-1.0546103784645424e-05,1.2072550811996403,69084.67438659263,0.006277036564378282,58
219,women,54,"[20, 44]",0.028725579282144482,0.015598599185578694,-2.1017412578605224e-05,0.8739246978206127,57.25796894043104,0.016098050862869022,58
220,women,54,"[45, 64]",0.07258064516129033,0.039412830336535865,-5.3104493784974076e-05,4.628981533712572,4841.702333450431,0.046192444677529934,58
221,women,54,"[80, 200]",0.026987732848705138,0.014654911706200315,-1.974589653135359e-05,2.2979669244914245,83143.73168462481,0.01490549912662372,58
222,women,55,"[0, 9]",0.0464447978191731,0.02522051083196676,-3.398188987504906e-05,2.960518785929997,4819.629355467708,0.028257401899095657,34
223,women,55,"[10, 19]",0.02404588823262153,0.01305742771006678,-1.7593460944352585e-05,2.2307361254289413,229188.4592688373,0.0128867350763784,34
224,women,55,"[20, 44]",0.0925601999091322,0.050262152954153434,-6.772277379635291e-05,8.945924165867197,384025.46817603905,0.05990289241645471,34
225,women,55,"[45, 64]",0.2338709677419355,0.12699689804138234,-0.0001711144804992108,15.370915859149564,6273.1924025248645,0.15687371693036214,34
226,women,55,"[65, 79]",0.28657428441617444,0.15561592001635646,-0.000209675494501366,20.881941852102887,16226.679368777493,0.1930399918073439,34
227,men,-1,"[0, 9]",0.08864734347261216,0.04813738874101225,-6.485988552291011e-05,7.431246218225304,69757.8849746788,0.057217796859527034,60
228,men,-1,"[10, 19]",0.04589543314539495,0.024922194195985303,-3.357994076026705e-05,3.1242153199724245,8574.052202594647,0.027880414736743585,60
229,men,-1,"[20, 44]",0.17666598238158876,0.0959333786056517,-0.00012925977389340626,13.165820163516507,20227.44965088378,0.11761828946525768,60
230,men,-1,"[45, 64]",0.44638024018123856,0.24239394320448904,-0.0003265994230298083,19.72513023900249,357.4491665667672,0.30270265609281805,60
231,men,-1,"[65, 79]",0.5469729703629261,0.29701792820824297,-0.0004001992890305218,48.45158854602185,131272.22458259252,0.3717317904993673,60
232,men,-1,"[80, 200]",0.16597800479978447,0.0901295795540798,-0.0001214397866921092,8.029968537664518,624.2393524365384,0.1102839439345618,60
233,men,1,"[0, 9]",0.02179852708342922,0.011837062876860371,-1.5949152308709735e-05,2.2191607605686037,762283.5630756285,0.011344542170912408,28
234,men,1,"[20, 44]",0.04344245468399725,0.02359017489611434,-3.1785189964378525e-05,2.7434275587719927,4454.673621918541,0.02619712231986257,28
235,men,1,"[65, 79]",0.13450155008924414,0.07303719552442506,-9.840966143782369e-05,7.38854088838147,1492.7281267333474,0.08868404880366003,28
236,men,1,"[80, 200]",0.04081426347535685,0.022163011386363164,-2.9862242701067824e-05,2.99700124865992,17488.642828346517,0.0243935947303472,28
237,men,2,"[0, 9]",0.029791320347353267,0.016177319320470077,-2.1797174897376216e-05,0.777969608918773,32.273733725202064,0.016829387840203287,24
238,men,2,"[20, 44]",0.05937135473479624,0.03223990549309694,-4.3439759254216825e-05,2.6632675813897904,390.710124842097,0.03712791404376852,24
239,men,2,"[45, 64]",0.1500130315363179,0.08146025928764647,-0.0001097588222843321,5.81454642919104,173.59693791178842,0.09932839791040764,24
240,men,2,"[65, 79]",0.18381878512196692,0.0998175015789306,-0.00013449320574482942,10.842420959455582,2559.04046882467,0.12252671357162502,24
241,men,2,"[80, 200]",0.05577949341632102,0.030289448730174345,-4.0811731395775744e-05,1.7175525782903285,60.13588678467116,0.03466309300476416,24
242,men,3,"[45, 64]",0.051223961988010984,0.027815698396698986,-3.7478622396011604e-05,4.770660062696068,240542.05795696343,0.03153697851627084,25
243,men,3,"[65, 79]",0.06276739004164726,0.03408402481287614,-4.592450908197666e-05,4.183067147922257,7090.030995705384,0.039458354595710926,25
244,men,4,"[0, 9]",0.03851073118072496,0.020912144205320532,-2.8176835402337153e-05,3.322239284222426,96494.91921357732,0.022812855843066058,30
245,men,4,"[10, 19]",0.019938179972999445,0.010826854787930593,-1.4588006940098109e-05,1.5989219143462028,43007.736926020916,0.010067927543824072,30
246,men,4,"[20, 44]",0.07674833660839513,0.041675975811112737,-5.615383582854296e-05,1.3229051229190991,9.906882435121664,0.04905241410621134,30
247,men,4,"[45, 64]",0.19391928466889874,0.10530228708208024,-0.00014188335652302872,14.750179183989472,24825.764100482866,0.12945791764113512,30
248,men,4,"[65, 79]",0.23761940515766464,0.12903237938599274,-0.0001738570698811932,18.74712837882261,36186.12607801793,0.15944598422758685,30
249,men,4,"[80, 200]",0.07210519880646375,0.03915465279403999,-5.275662765527522e-05,5.222230965459457,15299.570743939115,0.04586618203140085,30
250,men,5,"[0, 9]",0.07629484479200227,0.04142971986330527,-5.5822032685123605e-05,7.607320649951129,576969.3454751349,0.04874121718880477,10
251,men,5,"[20, 44]",0.15204859139399035,0.08256561135918311,-0.00011124816346874561,8.97491404956802,2573.4896357004723,0.10072524771013032,10
252,men,5,"[45, 64]",0.3841797149100824,0.20861773902024386,-0.000281089669513612,21.884925071732038,1956.2200640049628,0.2600191698076208,10
253,men,5,"[65, 79]",0.4707554253123545,0.2556301826329421,-0.00034443381236237583,46.63899474549755,530100.5664304645,0.31942949040342145,10
254,men,5,"[80, 200]",0.14284992216374895,0.07757053945448786,-0.00010451784873710752,14.660845572068794,851063.2845456584,0.09441290114682653,10
255,men,6,"[0, 9]",0.06757543395863058,0.03669489480261149,-4.944237199265019e-05,5.6774757140397325,71521.18796493293,0.042757749185942,20
256,men,6,"[10, 19]",0.03498586297148959,0.01899806598786542,-2.559782356473221e-05,2.3734636069653137,8313.555977011056,0.020394007075951324,20
257,men,6,"[20, 44]",0.13467160952039142,0.07312954221452109,-9.853408882858338e-05,7.7559096602241695,2126.0834916782733,0.08880074764768746,20
258,men,6,"[45, 64]",0.3402734617775015,0.18477571181611094,-0.0002489651357949996,12.377341199758039,126.38799170073118,0.2298896500768933,20
259,men,6,"[65, 79]",0.4169548052766568,0.22641530615690164,-0.00030506995066670285,27.555343900603212,6583.7779848100035,0.28251021974745955,20
260,men,6,"[80, 200]",0.1265242167736062,0.06870533386698909,-9.25729497982772e-05,11.066137084762476,113119.32861835345,0.08320981212018981,20
261,men,7,"[20, 44]",0.07530025478559522,0.04088963629430386,-5.509432891682803e-05,5.9796237006158055,38751.27960747301,0.04805870576767445,24
262,men,7,"[45, 64]",0.19026043024118366,0.10331545177135308,-0.000139206312356992,19.565207786913614,874328.8649975369,0.12694712433024116,24
263,men,7,"[65, 79]",0.23313602015468984,0.1265978072950639,-0.00017057674971219982,8.706338661308619,143.79145774385393,0.15636937833959005,24
264,men,7,"[80, 200]",0.0707447233572852,0.03841588609649434,-5.1761220084874216e-05,6.068246116234324,90390.68264696687,0.04493259127918112,24
265,men,8,"[20, 44]",0.056475191089196415,0.030667227153701487,-4.132074656852675e-05,0.6291106070281007,4.401884962035131,0.0351404973666947,36
266,men,8,"[45, 64]",0.14269532268088775,0.07748658843737817,-0.00010440473369294,11.087806900871772,30874.860191324467,0.09430681128861973,36
267,men,8,"[65, 79]",0.17485201511601736,0.0949483553201485,-0.00012793256202680642,5.086045151809834,47.93639160242486,0.11637350179563136,36
268,men,9,"[20, 44]",0.028961636455998162,0.015726783134577628,-2.1190126415284133e-05,0.8264909559379867,44.552938355119466,0.016260038934493532,27
269,men,9,"[65, 79]",0.08966770005949609,0.04869146403461575,-6.56064417144852e-05,2.2892875764328817,29.86436160027617,0.057917989923691834,27
270,men,10,"[0, 9]",0.040690583889067884,0.02209585066047545,-2.9771750880023768e-05,2.59294752872698,4807.3236442089365,0.02430872284378176,35
271,men,10,"[10, 19]",0.02106675619788621,0.011439695693397384,-1.5413743295087494e-05,1.8293325515213623,104055.33698679876,0.010842383508733615,35
272,men,10,"[20, 44]",0.08109258207679483,0.044034993100144026,-5.933235455200721e-05,2.253882335897794,40.35679663945884,0.05203353912182205,35
273,men,10,"[45, 64]",0.204895847952044,0.1112627932415045,-0.00014991448891727563,12.746725476097884,3930.961653766097,0.13699029757381698,35
274,men,10,"[65, 79]",0.25106956016658905,0.13633610070641916,-0.0001836980390716087,23.652273058024978,277438.4363584653,0.1686758018915773,35
275,men,10,"[80, 200]",0.07618662515399942,0.04137095399551393,-5.574285197207699e-05,5.964733580769424,33389.715951067155,0.04866695428806002,35
276,men,11,"[0, 9]",0.020345291944533942,0.01104792521055301,-1.4885875237676887e-05,1.6180087636851856,39359.05611932209,0.010347297503768609,34
277,men,11,"[20, 44]",0.040546291038397415,0.02201749667912968,-2.9666177484414362e-05,1.767092313208219,329.72136829126845,0.024209705642788758,34
278,men,11,"[45, 64]",0.10244792397602197,0.05563139678631247,-7.495724484205091e-05,6.405104775755796,4096.404413899332,0.06668808486878622,34
279,men,11,"[65, 79]",0.12553478008329452,0.06816804987164278,-9.184901868146579e-05,8.083070622291096,5252.4704729237,0.08253083702766638,34
280,men,11,"[80, 200]",0.038093312576999716,0.02068547704526024,-2.7871426050676453e-05,1.5116179877416804,196.2446075433319,0.022526413225907743,34
281,men,12,"[0, 9]",0.015258968958400456,0.008285944013017006,-1.1164406623547135e-05,1.5727378081263077,902210.2265711869,0.006856941168765324,30
282,men,12,"[45, 64]",0.07683594298201649,0.041723547680461805,-5.621793371617679e-05,6.325288614383693,57084.20843156268,0.04911253169252853,30
283,men,12,"[65, 79]",0.0941510850624709,0.051126037107364304,-6.888676353457918e-05,8.318190831732911,127284.09122301555,0.06099459581168865,30
284,men,12,"[80, 200]",0.028569984432749794,0.01551410776990826,-2.090356953148451e-05,1.9121649321913297,7364.178315372175,0.015991277960369678,30
285,men,13,"[0, 9]",0.023251762222324498,0.012626200376276556,-1.7012429067254307e-05,2.008481057721597,97938.72033585742,0.0123417868380562,36
286,men,13,"[20, 44]",0.04633861832959705,0.025162853268945448,-3.3904202686794675e-05,3.114593191116048,7648.181201555491,0.02818453899693637,36
287,men,13,"[45, 64]",0.11708334168688225,0.0635787393403367,-8.56654227905443e-05,9.616464727046047,55670.41217061019,0.07673125811236202,36
288,men,13,"[65, 79]",0.14346832009519372,0.07790634279448531,-0.0001049703072097281,6.528528386546585,425.8457713347438,0.09483726057965364,36
289,men,13,"[80, 200]",0.04353521437371397,0.02364054532344828,-3.1853058607969065e-05,1.6184096153040044,140.5832705116416,0.02626077623478664,36
290,men,14,"[0, 9]",0.051589847430782494,0.028014382107208326,-3.774632708150282e-05,1.9476362077904061,151.81220485414602,0.03178805784736024,35
291,men,14,"[20, 44]",0.10281380941879348,0.05583008067044407,-7.522494970236064e-05,8.907669965262713,101377.13916095118,0.06693916419987561,35
292,men,14,"[45, 64]",0.25977866436777003,0.141065326873517,-0.00019007015504451485,8.549363933608799,79.71329367624688,0.17465219723722636,35
293,men,14,"[65, 79]",0.3183203352112112,0.1728546959706049,-0.00023290286569293086,23.37308782013584,17479.356363384493,0.21482489021152965,35
294,men,14,"[80, 200]",0.09659375689167787,0.052452460029004236,-7.067397393213777e-05,6.143111934529557,4727.331962226988,0.0626708155713559,35
295,men,15,"[45, 64]",0.06585937969887128,0.035763040839558675,-4.818680021250633e-05,4.713488787358092,13652.539190535395,0.04158015175984667,41
296,men,15,"[65, 79]",0.08070093005354649,0.04382231796092687,-5.904579795000727e-05,5.598030058516931,10186.361067302438,0.051764778147698205,41
297,men,15,"[80, 200]",0.02448855808521411,0.0132978067766326,-1.79173455002703e-05,1.538050490605104,4255.4531680644295,0.013190505703710505,41
298,men,16,"[20, 44]",0.04199437286119733,0.022803835614793648,-3.072568341851211e-05,4.30598652921936,840498.5829627622,0.02520341398132566,46
299,men,16,"[45, 64]",0.10610677840373704,0.05761823219793461,-7.763428886683827e-05,10.879302358687994,839874.4276367164,0.06919887817968016,46
300,men,16,"[65, 79]",0.13001816508626932,0.0706026236740401,-9.512934164654766e-05,10.10568050011939,30967.330606153828,0.08560744291566319,46
301,men,16,"[80, 200]",0.03945378802617828,0.02142424408851261,-2.886683416705515e-05,1.2187445055342228,60.92916728984294,0.023460003978127468,46
302,men,17,"[0, 9]",0.047230142014096636,0.02564696941486466,-3.45564963862894e-05,4.455301610156054,282117.0313446218,0.028796323845928843,42
303,men,17,"[20, 44]",0.09412531848199401,0.05111204516676154,-6.886791083818016e-05,8.825210668737027,261460.6813513901,0.060976914168654174,42
304,men,17,"[45, 64]",0.23782553780147955,0.1291443140417797,-0.0001740078898248016,6.729577619628836,43.14617071559386,0.15958743737186254,42
305,men,17,"[65, 79]",0.29142002519336224,0.1582472579783854,-0.0002132209345165656,15.195016198890974,1029.6391113943705,0.19636525488354867,42
306,men,17,"[80, 200]",0.08843090419660649,0.04801985792648646,-6.470152566432529e-05,6.660947169630365,22498.9310683143,0.05706927105803754,42
307,men,18,"[0, 9]",0.08864734347261216,0.04813738874101225,-6.485988552291011e-05,7.431246218225304,69757.8849746788,0.057217796859527034,32
308,men,18,"[20, 44]",0.17666598238158876,0.0959333786056517,-0.00012925977389340626,13.165820163516507,20227.44965088378,0.11761828946525768,32
309,men,18,"[45, 64]",0.44638024018123856,0.24239394320448904,-0.0003265994230298083,19.72513023900249,357.4491665667672,0.30270265609281805,32
310,men,18,"[65, 79]",0.5469729703629261,0.29701792820824297,-0.0004001992890305218,48.45158854602185,131272.22458259252,0.3717317904993673,32
311,men,18,"[80, 200]",0.16597800479978447,0.0901295795540798,-0.0001214397866921092,8.029968537664518,624.2393524365384,0.1102839439345618,32
312,men,19,"[0, 9]",0.07774807993089755,0.04221885742775238,-5.688530954905553e-05,5.773552627584968,19529.10388295123,0.04973846185594856,38
313,men,19,"[10, 19]",0.040252552020961146,0.021857990069657118,-2.9451259705615313e-05,4.099365060785267,766133.5498823405,0.024008134912195868,38
314,men,19,"[20, 44]",0.15494475503959018,0.08413829085430892,-0.00011336717811036172,11.532823573217714,19981.44218177593,0.10271266438720414,38
315,men,19,"[45, 64]",0.39149742376551255,0.2125914075152636,-0.00028644375404991804,38.11240724766244,421545.36687689455,0.2650407564294087,38
316,men,19,"[65, 79]",0.4797221953183041,0.26049933276570664,-0.00035099446289293875,15.768629935312667,79.29188471312645,0.3255827021794151,38
317,men,20,"[0, 9]",0.059582640694706535,0.03235463848919755,-4.359434957484484e-05,3.0093303390480717,828.4267380767022,0.03727290351665112,68
318,men,20,"[10, 19]",0.030847750146904808,0.01675098291113359,-2.257012401366187e-05,2.62670944832727,83166.01289931906,0.01755433520461633,68
319,men,20,"[20, 44]",0.11874270946959245,0.06447981106107417,-8.687951865508376e-05,8.600548683758271,15309.660196605151,0.07786995592378154,68
320,men,20,"[45, 64]",0.3000260630726358,0.16292051963017182,-0.000219517646361622,17.57730965918273,2426.9204858400026,0.20227092365705984,68
321,men,20,"[65, 79]",0.36763757024393395,0.19963500096276493,-0.00026898640799055603,31.131455554902374,78116.35737234665,0.2486675549794946,68
322,men,21,"[0, 9]",0.051589847430782494,0.028014382107208326,-3.774632708150282e-05,1.9476362077904061,151.81220485414602,0.03178805784736024,60
323,men,21,"[20, 44]",0.10281380941879348,0.05583008067044407,-7.522494970236064e-05,8.907669965262713,101377.13916095118,0.06693916419987561,60
324,men,21,"[65, 79]",0.3183203352112112,0.1728546959706049,-0.00023290286569293086,23.37308782013584,17479.356363384493,0.21482489021152965,60
325,men,21,"[80, 200]",0.09659375689167787,0.052452460029004236,-7.067397393213777e-05,6.143111934529557,4727.331962226988,0.0626708155713559,60
326,men,22,"[0, 9]",0.02179852708342922,0.011837062876860371,-1.5949152308709735e-05,2.2191607605686037,762283.5630756285,0.011344542170912408,54
327,men,22,"[20, 44]",0.04344245468399725,0.02359017489611434,-3.1785189964378525e-05,2.7434275587719927,4454.673621918541,0.02619712231986257,54
328,men,22,"[65, 79]",0.13450155008924414,0.07303719552442506,-9.840966143782369e-05,7.38854088838147,1492.7281267333474,0.08868404880366003,54
329,men,23,"[45, 64]",0.10244792397602197,0.05563139678631247,-7.495724484205091e-05,6.405104775755796,4096.404413899332,0.06668808486878622,52
330,men,23,"[65, 79]",0.12553478008329452,0.06816804987164278,-9.184901868146579e-05,8.083070622291096,5252.4704729237,0.08253083702766638,52
331,men,23,"[80, 200]",0.038093312576999716,0.02068547704526024,-2.7871426050676453e-05,1.5116179877416804,196.2446075433319,0.022526413225907743,52
332,men,24,"[0, 9]",0.012352498680609893,0.006707668886571771,-9.037852847480547e-06,0.863475924014106,10938.242807880395,0.004862451834477731,59
333,men,24,"[10, 19]",0.006395265274358314,0.003472764767663504,-4.679172076269961e-06,0.4449177236281737,10464.105628939256,0.000774455964909544,59
334,men,24,"[45, 64]",0.0622005252711562,0.03377620513185385,-4.550975561924765e-05,6.494187048911429,1077922.9642610343,0.03906935844895272,59
335,men,24,"[65, 79]",0.07621754505057167,0.041387744837243286,-5.576547610122058e-05,5.541728670244233,15889.13592642027,0.04868817225970138,59
336,men,24,"[80, 200]",0.023128082636035545,0.012559039725827116,-1.6921937408689913e-05,0.6741682976706852,48.33163582618268,0.012256914951490776,59
337,men,25,"[0, 9]",0.03996396631962024,0.021701282108526305,-2.92401128273857e-05,4.109612017107448,874230.5061614339,0.023810100510209858,59
338,men,25,"[10, 19]",0.02069056412292395,0.011235415520027721,-1.5138498079421757e-05,1.343950439991051,5662.931989905799,0.010584231520430431,59
339,men,25,"[20, 44]",0.07964450025399494,0.043248654400169464,-5.827284897279456e-05,2.2008732754736484,39.50565150058689,0.05103983078328515,59
340,men,25,"[45, 64]",0.2012369935243289,0.10927595813354556,-0.00014723744520944316,16.274506062445983,47070.64443288245,0.13447950426292302,59
341,men,25,"[65, 79]",0.24658617516361425,0.13390152636574812,-0.00018041771482848969,23.96694278510036,412919.8754890144,0.16559919600358047,59
342,men,25,"[80, 200]",0.07482614970482088,0.040632187619968056,-5.4747445004197794e-05,4.776741133261222,4881.0103946948575,0.0477333635358403,59
343,men,26,"[0, 9]",0.012352498680609893,0.006707668886571771,-9.037852847480547e-06,0.863475924014106,10938.242807880395,0.004862451834477731,54
344,men,26,"[20, 44]",0.02461739098759844,0.013367765749806387,-1.8011607615579786e-05,0.5869389432811325,23.856169655802802,0.013278913918882822,54
345,men,26,"[45, 64]",0.0622005252711562,0.03377620513185385,-4.550975561924765e-05,6.494187048911429,1077922.9642610343,0.03906935844895272,54
346,men,26,"[65, 79]",0.07621754505057167,0.041387744837243286,-5.576547610122058e-05,5.541728670244233,15889.13592642027,0.04868817225970138,54
347,men,26,"[80, 200]",0.023128082636035545,0.012559039725827116,-1.6921937408689913e-05,0.6741682976706852,48.33163582618268,0.012256914951490776,54
348,men,27,"[0, 9]",0.017438821666743383,0.009469650297682526,-1.2759321826445324e-05,0.9415425282801968,1316.944334760578,0.008352808169481021,56
349,men,27,"[10, 19]",0.009028609799094093,0.0049027267281581965,-6.605889999774131e-06,0.5150198271742922,1976.5859770459729,0.002581519883031814,56
350,men,27,"[45, 64]",0.0878125062651617,0.0476840544992064,-6.424906713501969e-05,3.8846635593643732,359.7931290527238,0.0566449116252104,56
351,men,27,"[65, 79]",0.10760124007139532,0.05842975736961557,-7.872773089683903e-05,9.334771983007537,102934.2252052061,0.0702244134756791,56
352,men,28,"[0, 9]",0.05013661229188721,0.02722524473943697,-3.6683050447074734e-05,4.715249953267957,271666.7339966969,0.030790813180216443,54
353,men,28,"[10, 19]",0.02595725317239551,0.014095339491945727,-1.8991933960342842e-05,1.6915863644669615,5826.02458246905,0.014198359356674975,54
354,men,28,"[20, 44]",0.09991764577319366,0.054257402247727515,-7.31059368342328e-05,7.258697023648271,15757.222238936347,0.0649517475228018,54
355,men,28,"[45, 64]",0.2524609555123399,0.1370916568435995,-0.00018471606802014296,5.105052778112442,14.735553079558544,0.1696306106154384,54
356,men,28,"[65, 79]",0.3093535652052615,0.16798555100851786,-0.0002263422237520415,30.057790144319448,411178.13963105,0.208671678435536,54
357,men,28,"[80, 200]",0.09387280599332076,0.050974925891170836,-6.868315766932731e-05,2.4619664709949967,32.76094246132949,0.06080363406691645,54
358,men,30,"[10, 19]",0.022195332422772968,0.01205253660565855,-1.6239479673523942e-05,2.0799088674465662,259691.5008718475,0.01161683947364316,14
359,men,30,"[20, 44]",0.08543682754519458,0.04639401055210465,-6.251087342062243e-05,0.7171197935461693,3.054744703261201,0.05501466413743277,14
360,men,30,"[45, 64]",0.2158724112351892,0.11722330089461402,-0.00015794562379150163,16.571014501554984,27247.002885789152,0.14452267750649886,14
361,men,30,"[65, 79]",0.2645197151755135,0.14363982014869567,-0.00019353900468919768,24.74824522568809,254559.3812573609,0.1779056195555678,14
362,men,30,"[80, 200]",0.08026805150153513,0.043587255356960015,-5.872907666624371e-05,5.225483901404137,5773.778392097021,0.0514677265447192,14
363,men,31,"[0, 9]",0.06394234611139238,0.03472205093826948,-4.678417981536285e-05,5.375153628348956,71957.01202532194,0.0402646375180825,35
364,men,31,"[10, 19]",0.033104902596678316,0.017976664750798118,-2.422159674555178e-05,2.2581290497483844,8733.900174853921,0.01910324713443541,35
365,men,31,"[45, 64]",0.3219791896389262,0.17484153402678934,-0.00023557991409405162,21.9809210649608,8800.064410131585,0.2173356835224236,35
366,men,31,"[65, 79]",0.3945378802617828,0.21424244419339653,-0.0002886683472081736,11.576832161239775,49.591545660243966,0.2671271903074755,35
367,men,31,"[80, 200]",0.1197218395277134,0.06501149986619532,-8.759591164005673e-05,4.856006182957267,220.58146031065385,0.0785418583590912,35
368,men,40,"[20, 44]",0.0347539637471978,0.018872139878456155,-2.542815191054855e-05,3.3675109553446902,396806.41436278296,0.020234872288641147,23
369,men,40,"[45, 64]",0.0878125062651617,0.0476840544992064,-6.424906713501969e-05,3.8846635593643732,359.7931290527238,0.0566449116252104,23
370,men,40,"[80, 200]",0.032651410780285474,0.01773040906258937,-2.388979405615745e-05,0.6418512992084144,13.671186201876305,0.018792050217028847,23
371,men,41,"[0, 9]",0.10753940027825082,0.058396176446009376,-7.868248397810148e-05,9.239200504844693,92063.8796984619,0.07018197753239637,20
372,men,41,"[10, 19]",0.05567642709441354,0.030233481256324687,-4.073632119042517e-05,3.735992498032633,7535.370222689878,0.034592366432626295,20
373,men,41,"[20, 44]",0.2143161097743864,0.11637819677903127,-0.00015680693812588478,16.12967533817946,22312.30246862655,0.14345470626721718,20
374,men,41,"[45, 64]",0.5415104553018304,0.29405166952955863,-0.0003962025807484863,40.73716430863576,22216.359419480897,0.3679832821760609,20
375,men,41,"[65, 79]",0.663540980440271,0.3603168371096368,-0.0004854876735194039,35.459737585003644,1223.8867248018041,0.4517235435872846,20
376,men,41,"[80, 200]",0.20135036647842708,0.10933752146725513,-0.00014732039479518162,9.010984534886145,385.2903243672551,0.13455730349227465,20
377,men,42,"[0, 9]",0.09736675430598386,0.05287221398265525,-7.123954663739635e-05,5.6272382245893,2184.27298670932,0.06320126486238982,26
378,men,42,"[10, 19]",0.050409738044942,0.027373557413486647,-3.688288554439563e-05,3.2172720217027013,4870.996981849249,0.03097823859638176,26
379,men,42,"[20, 44]",0.1940429642551877,0.10536944800684556,-0.00014197384875641326,8.676733342438988,383.38049888806745,0.12954278952770054,26
380,men,42,"[45, 64]",0.4902864933138194,0.2662359688944985,-0.00035872395440678963,23.499256621723234,587.9456961473786,0.3328321758235456,26
381,men,42,"[65, 79]",0.6007735903986238,0.32623280758834217,-0.0004395631560555564,56.455233391752756,268892.49767882604,0.4086510611553291,26
382,men,42,"[80, 200]",0.18230371018992725,0.0989947833347537,-0.00013338468253893006,6.07436971239916,84.18068922336985,0.12148703296119852,26
383,men,43,"[0, 9]",0.09010057861150744,0.04892652614149993,-6.592316213099549e-05,2.6928889016278363,53.319577941693275,0.058215041526670834,33
384,men,43,"[10, 19]",0.04664781729531945,0.02533075485173569,-3.413043181960261e-05,3.1564073665586654,8120.981150288173,0.028396718713349943,33
385,men,43,"[20, 44]",0.1795621460271886,0.09750605530737076,-0.00013137878346883658,6.87421129710979,162.92213468028038,0.11960570614233147,33
386,men,43,"[45, 64]",0.4536979490366687,0.2463676168542704,-0.0003319535163511064,30.15291109903737,6918.770239624716,0.307724242714606,33
387,men,43,"[65, 79]",0.5559397403688757,0.3018870789956351,-0.0004067599416436536,26.239205384484553,533.4182932054777,0.3778850022753609,33
388,men,43,"[80, 200]",0.1686989556981416,0.0916071125422574,-0.00012343060115270772,17.828120423039532,1276829.9717650432,0.11215112543900127,33
389,men,44,"[0, 9]",0.05376970013912541,0.02919808820593188,-3.934124198082941e-05,1.478335544872019,38.77711025698947,0.03328392484807593,31
390,men,44,"[10, 19]",0.02783821354720677,0.015116740869748626,-2.0368161042130327e-05,1.5097107139427757,1359.7497146383396,0.015489119298190876,31
391,men,44,"[20, 44]",0.1071580548871932,0.05818909773401371,-7.840346795310407e-05,11.01818255823237,872929.3852086095,0.06992028921548632,31
392,men,44,"[45, 64]",0.2707552276509152,0.14702583524896956,-0.00019810129090227789,14.264654534320893,1106.8534891158542,0.18218457716990816,31
393,men,44,"[65, 79]",0.3317704902201355,0.1801584184553245,-0.00024274383639224213,18.77440002233854,1860.5822269280509,0.22405470787552004,31
394,men,44,"[80, 200]",0.10067518323921354,0.0546687608234322,-7.366019763226011e-05,6.1813730466884245,3528.610827123064,0.06547158782801506,31
395,men,45,"[10, 19]",0.011661954323829864,0.0063326887285768355,-8.53260795278081e-06,0.8353633768236068,13766.224116583415,0.004388583801154081,40
396,men,45,"[45, 64]",0.11342448725916718,0.06159190341846296,-8.298837783550035e-05,9.577481668071847,75656.43819363939,0.07422046480146807,40
397,men,45,"[65, 79]",0.13898493509221893,0.07547176943792201,-0.00010168998480189312,10.077915684705456,15475.008009158184,0.09176065469165684,40
398,men,45,"[80, 200]",0.0421747389245354,0.022901778267600724,-3.085765048352941e-05,3.069019552195347,16016.156119287256,0.02532718548256692,40
399,men,46,"[45, 64]",0.025611980994005492,0.013907849210520814,-1.873931120375292e-05,2.402183972011247,262545.49945000967,0.013961425340013149,33
400,men,46,"[65, 79]",0.03138369502082363,0.017042012432065455,-2.29622546209757e-05,2.2451704025026467,13598.903898497558,0.01792211337973319,33
401,men,46,"[80, 200]",0.009523328144249927,0.005171369334367019,-6.967856632564267e-06,0.7411862097204127,31396.43633007473,0.0029210074292935315,33
402,men,49,"[10, 19]",0.01128576224886761,0.006128408360594075,-8.257362404444149e-06,1.124539289683626,571834.0171573833,0.004130431812850901,47
403,men,49,"[45, 64]",0.10976563283145213,0.059605068318343814,-8.031133412336386e-05,3.3256686006285827,56.311245410916655,0.07170967149057413,47
404,men,49,"[65, 79]",0.13450155008924414,0.07303719552442506,-9.840966143782369e-05,7.38854088838147,1492.7281267333474,0.08868404880366003,47
405,men,49,"[80, 200]",0.04081426347535685,0.022163011386363164,-2.9862242701067824e-05,2.99700124865992,17488.642828346517,0.0243935947303472,47
406,men,50,"[45, 64]",0.029270835421720563,0.015894684936439567,-2.141635586485772e-05,2.3595684095128644,45466.314032582966,0.016472218650907103,42
407,men,51,"[10, 19]",0.005266689049471553,0.0028599239568225924,-3.853435885227037e-06,0.3251662162341724,3692.387145984378,0.0,54
408,men,51,"[45, 64]",0.051223961988010984,0.027815698396698986,-3.7478622396011604e-05,4.770660062696068,240542.05795696343,0.03153697851627084,54
409,men,52,"[0, 9]",0.018165439236191017,0.009864218931330337,-1.3290960049188874e-05,1.5306056564970587,73865.42565405072,0.008851430503052916,48
410,men,52,"[45, 64]",0.09147136069287676,0.04967089013636599,-6.692611155661101e-05,8.002250428498092,113437.09481123547,0.059155704936104336,48
411,men,52,"[65, 79]",0.1120846250743701,0.06086433030931205,-8.200805258732106e-05,7.176877030525018,5007.983282025471,0.07330101936367593,48
412,men,53,"[20, 44]",0.033305881924397894,0.018085800740865902,-2.4368645613529764e-05,1.9090519964471555,2050.412549148577,0.019241163950104247,43
413,men,53,"[45, 64]",0.08415365183744664,0.04569721923801592,-6.157202318041528e-05,2.3715617436668848,42.49121746444251,0.05413411831431645,43
414,men,53,"[65, 79]",0.10311785506842053,0.05599518440283227,-7.544740907580323e-05,10.274879958726544,571819.4025773866,0.0671478075876823,43
415,men,53,"[80, 200]",0.03129093533110692,0.016991641976006645,-2.2894385895145958e-05,2.0510583795654296,6128.0227387658715,0.017858459464809125,43
416,men,54,"[20, 44]",0.013032736405199174,0.00707705243469982,-9.535556931058203e-06,0.7394078226039887,1897.1197810291708,0.005329247210587594,58
417,men,54,"[45, 64]",0.03292968984943564,0.017881520320796592,-2.409339996536488e-05,3.1942805120924405,402512.42272712936,0.01898301196180107,58
418,men,54,"[65, 79]",0.04035046502677325,0.021911159122024768,-2.952289924450465e-05,1.8399061723263719,431.15518859726416,0.02407532515572684,58
419,men,55,"[0, 9]",0.021071909513981583,0.011442494106052609,-1.5417513884816724e-05,0.9686208127596052,452.8590577113098,0.01084591983734051,34
420,men,55,"[10, 19]",0.010909570173905356,0.005924128102494075,-7.98211702236474e-06,0.7044427848301962,5381.195943099565,0.003872279824547719,34
421,men,55,"[45, 64]",0.10610677840373704,0.05761823219793461,-7.763428886683827e-05,10.879302358687994,839874.4276367164,0.06919887817968016,34
422,men,55,"[65, 79]",0.13001816508626932,0.0706026236740401,-9.512934164654766e-05,10.10568050011939,30967.330606153828,0.08560744291566319,34
